BTC-USD,2021-09-19,48268.855469,48328.367188,46919.804688,47260.218750,47260.218750,26967722648
BTC-USD,2021-09-20,47261.406250,47328.199219,42598.914063,42843.800781,42843.800781,43909845642
BTC-USD,2021-09-21,43012.234375,43607.609375,39787.609375,40693.675781,40693.675781,48701090088
BTC-USD,2021-09-22,40677.953125,43978.621094,40625.632813,43574.507813,43574.507813,38139709246
BTC-USD,2021-09-23,43560.296875,44942.175781,43109.339844,44895.097656,44895.097656,34244064430
BTC-USD,2021-09-24,44894.300781,45080.492188,40936.558594,42839.750000,42839.750000,42839345714
BTC-USD,2021-09-25,42840.890625,42996.257813,41759.921875,42716.593750,42716.593750,31604717236
BTC-USD,2021-09-26,42721.628906,43919.300781,40848.460938,43208.539063,43208.539063,30661222077
BTC-USD,2021-09-27,43234.183594,44313.246094,42190.632813,42235.730469,42235.730469,30980029059
BTC-USD,2021-09-28,42200.898438,42775.144531,40931.664063,41034.542969,41034.542969,30214940550
BTC-USD,2021-09-29,41064.984375,42545.257813,40829.667969,41564.363281,41564.363281,30602359905
BTC-USD,2021-09-30,41551.269531,44092.601563,41444.582031,43790.894531,43790.894531,31141681925
BTC-USD,2021-10-01,43816.742188,48436.011719,43320.023438,48116.941406,48116.941406,42850641582
BTC-USD,2021-10-02,48137.468750,48282.062500,47465.496094,47711.488281,47711.488281,30614346492
BTC-USD,2021-10-03,47680.027344,49130.691406,47157.289063,48199.953125,48199.953125,26638115879
BTC-USD,2021-10-04,48208.906250,49456.777344,47045.003906,49112.902344,49112.902344,33383173002
BTC-USD,2021-10-05,49174.960938,51839.984375,49072.839844,51514.812500,51514.812500,35873904236
BTC-USD,2021-10-06,51486.664063,55568.464844,50488.191406,55361.449219,55361.449219,49034730168
BTC-USD,2021-10-07,55338.625000,55338.625000,53525.468750,53805.984375,53805.984375,36807860413
BTC-USD,2021-10-08,53802.144531,55922.980469,53688.054688,53967.847656,53967.847656,34800873924
BTC-USD,2021-10-09,53929.781250,55397.945313,53735.144531,54968.222656,54968.222656,32491211414
BTC-USD,2021-10-10,54952.820313,56401.304688,54264.257813,54771.578125,54771.578125,39527792364
BTC-USD,2021-10-11,54734.125000,57793.039063,54519.765625,57484.789063,57484.789063,42637331698
BTC-USD,2021-10-12,57526.832031,57627.878906,54477.972656,56041.058594,56041.058594,41083758949
BTC-USD,2021-10-13,56038.257813,57688.660156,54370.972656,57401.097656,57401.097656,41684252783
BTC-USD,2021-10-14,57372.832031,58478.734375,56957.074219,57321.523438,57321.523438,36615791366
BTC-USD,2021-10-15,57345.902344,62757.128906,56868.144531,61593.949219,61593.949219,51780081801
BTC-USD,2021-10-16,61609.527344,62274.476563,60206.121094,60892.179688,60892.179688,34250964237
BTC-USD,2021-10-17,60887.652344,61645.523438,59164.468750,61553.617188,61553.617188,29032367511
BTC-USD,2021-10-18,61548.804688,62614.660156,60012.757813,62026.078125,62026.078125,38055562075
BTC-USD,2021-10-19,62043.164063,64434.535156,61622.933594,64261.992188,64261.992188,40471196346
BTC-USD,2021-10-20,64284.585938,66930.390625,63610.675781,65992.835938,65992.835938,40788955582
BTC-USD,2021-10-21,66002.234375,66600.546875,62117.410156,62210.171875,62210.171875,45908121370
BTC-USD,2021-10-22,62237.890625,63715.023438,60122.796875,60692.265625,60692.265625,38434082775
BTC-USD,2021-10-23,60694.628906,61743.878906,59826.523438,61393.617188,61393.617188,26882546034
BTC-USD,2021-10-24,61368.343750,61505.804688,59643.343750,60930.835938,60930.835938,27316183882
BTC-USD,2021-10-25,60893.925781,63729.324219,60691.800781,63039.824219,63039.824219,31064911614
BTC-USD,2021-10-26,63032.761719,63229.027344,59991.160156,60363.792969,60363.792969,34878965587
BTC-USD,2021-10-27,60352.000000,61435.183594,58208.187500,58482.386719,58482.386719,43657076893
BTC-USD,2021-10-28,58470.730469,62128.632813,58206.917969,60622.136719,60622.136719,45257083247
BTC-USD,2021-10-29,60624.871094,62927.609375,60329.964844,62227.964844,62227.964844,36856881767
BTC-USD,2021-10-30,62239.363281,62330.144531,60918.386719,61888.832031,61888.832031,32157938616
BTC-USD,2021-10-31,61850.488281,62406.171875,60074.328125,61318.957031,61318.957031,32241199927
BTC-USD,2021-11-01,61320.449219,62419.003906,59695.183594,61004.406250,61004.406250,36150572843
BTC-USD,2021-11-02,60963.253906,64242.792969,60673.054688,63226.402344,63226.402344,37746665647
BTC-USD,2021-11-03,63254.335938,63516.937500,61184.238281,62970.046875,62970.046875,36124731509
BTC-USD,2021-11-04,62941.804688,63123.289063,60799.664063,61452.230469,61452.230469,32615846901
BTC-USD,2021-11-05,61460.078125,62541.468750,60844.609375,61125.675781,61125.675781,30605102446
BTC-USD,2021-11-06,61068.875000,61590.683594,60163.781250,61527.480469,61527.480469,29094934221
BTC-USD,2021-11-07,61554.921875,63326.988281,61432.488281,63326.988281,63326.988281,24726754302
BTC-USD,2021-11-08,63344.066406,67673.742188,63344.066406,67566.828125,67566.828125,41125608330
BTC-USD,2021-11-09,67549.734375,68530.335938,66382.062500,66971.828125,66971.828125,42357991721
BTC-USD,2021-11-10,66953.335938,68789.625000,63208.113281,64995.230469,64995.230469,48730828378
BTC-USD,2021-11-11,64978.890625,65579.015625,64180.488281,64949.960938,64949.960938,35880633236
BTC-USD,2021-11-12,64863.980469,65460.816406,62333.914063,64155.941406,64155.941406,36084893887
BTC-USD,2021-11-13,64158.121094,64915.675781,63303.734375,64469.527344,64469.527344,30474228777
BTC-USD,2021-11-14,64455.371094,65495.179688,63647.808594,65466.839844,65466.839844,25122092191
BTC-USD,2021-11-15,65521.289063,66281.570313,63548.144531,63557.871094,63557.871094,30558763548
BTC-USD,2021-11-16,63721.195313,63721.195313,59016.335938,60161.246094,60161.246094,46844335592
BTC-USD,2021-11-17,60139.621094,60823.609375,58515.410156,60368.011719,60368.011719,39178392930
BTC-USD,2021-11-18,60360.136719,60948.500000,56550.792969,56942.136719,56942.136719,41388338699
BTC-USD,2021-11-19,56896.128906,58351.113281,55705.179688,58119.578125,58119.578125,38702407772
BTC-USD,2021-11-20,58115.082031,59859.878906,57469.726563,59697.195313,59697.195313,30624264863
BTC-USD,2021-11-21,59730.507813,60004.425781,58618.929688,58730.476563,58730.476563,26123447605
BTC-USD,2021-11-22,58706.847656,59266.359375,55679.839844,56289.289063,56289.289063,35036121783
BTC-USD,2021-11-23,56304.554688,57875.515625,55632.761719,57569.074219,57569.074219,37485803899
BTC-USD,2021-11-24,57565.851563,57803.066406,55964.222656,56280.425781,56280.425781,36635566789
BTC-USD,2021-11-25,57165.417969,59367.968750,57146.683594,57274.679688,57274.679688,34284016248
BTC-USD,2021-11-26,58960.285156,59183.480469,53569.765625,53569.765625,53569.765625,41810748221
BTC-USD,2021-11-27,53736.429688,55329.257813,53668.355469,54815.078125,54815.078125,30560857714
BTC-USD,2021-11-28,54813.023438,57393.843750,53576.734375,57248.457031,57248.457031,28116886357
BTC-USD,2021-11-29,57291.906250,58872.878906,56792.527344,57806.566406,57806.566406,32370840356
BTC-USD,2021-11-30,57830.113281,59113.402344,56057.281250,57005.425781,57005.425781,36708594618
BTC-USD,2021-12-01,56907.964844,59041.683594,56553.082031,57229.828125,57229.828125,36858195307
BTC-USD,2021-12-02,57217.371094,57349.234375,55895.132813,56477.816406,56477.816406,32379968686
BTC-USD,2021-12-03,56509.164063,57482.167969,52496.585938,53598.246094,53598.246094,39789134215
BTC-USD,2021-12-04,53727.878906,53904.679688,42874.617188,49200.703125,49200.703125,61385677469
BTC-USD,2021-12-05,49201.519531,49768.148438,47857.496094,49368.847656,49368.847656,37198201161
BTC-USD,2021-12-06,49413.480469,50929.519531,47281.035156,50582.625000,50582.625000,37707308001
BTC-USD,2021-12-07,50581.828125,51934.781250,50175.808594,50700.085938,50700.085938,33676814852
BTC-USD,2021-12-08,50667.648438,51171.375000,48765.988281,50504.796875,50504.796875,28479699446
BTC-USD,2021-12-09,50450.082031,50797.164063,47358.351563,47672.121094,47672.121094,29603577251
BTC-USD,2021-12-10,47642.144531,50015.253906,47023.699219,47243.304688,47243.304688,30966005122
BTC-USD,2021-12-11,47264.632813,49458.210938,46942.347656,49362.507813,49362.507813,25775869261
BTC-USD,2021-12-12,49354.855469,50724.867188,48725.851563,50098.335938,50098.335938,21939223599
BTC-USD,2021-12-13,50114.742188,50205.000000,45894.847656,46737.480469,46737.480469,32166727776
BTC-USD,2021-12-14,46709.824219,48431.398438,46424.496094,46612.632813,46612.632813,34638619079
BTC-USD,2021-12-15,48379.753906,49473.957031,46671.964844,48896.722656,48896.722656,36541828520
BTC-USD,2021-12-16,48900.464844,49425.574219,47529.878906,47665.425781,47665.425781,27268150947
BTC-USD,2021-12-17,47653.730469,48004.894531,45618.214844,46202.144531,46202.144531,32902725329
BTC-USD,2021-12-18,46219.253906,47313.828125,45598.441406,46848.777344,46848.777344,26098292690
BTC-USD,2021-12-19,46853.867188,48089.664063,46502.953125,46707.015625,46707.015625,25154053861
BTC-USD,2021-12-20,46707.062500,47401.718750,45579.808594,46880.277344,46880.277344,30961902129
BTC-USD,2021-12-21,46886.078125,49300.917969,46698.773438,48936.613281,48936.613281,27055803928
BTC-USD,2021-12-22,48937.097656,49544.796875,48450.941406,48628.511719,48628.511719,24447979559
BTC-USD,2021-12-23,48626.343750,51332.339844,48065.835938,50784.539063,50784.539063,28223878108
BTC-USD,2021-12-24,50806.050781,51814.027344,50514.496094,50822.195313,50822.195313,24367912228
BTC-USD,2021-12-25,50854.917969,51176.597656,50236.707031,50429.859375,50429.859375,19030650914
BTC-USD,2021-12-26,50428.691406,51196.378906,49623.105469,50809.515625,50809.515625,20964372926
BTC-USD,2021-12-27,50802.609375,51956.328125,50499.468750,50640.417969,50640.417969,24324345758
BTC-USD,2021-12-28,50679.859375,50679.859375,47414.210938,47588.855469,47588.855469,33430376883
BTC-USD,2021-12-29,47623.871094,48119.742188,46201.496094,46444.710938,46444.710938,30049226299
BTC-USD,2021-12-30,46490.605469,47879.964844,46060.312500,47178.125000,47178.125000,26686491018
BTC-USD,2021-12-31,47169.371094,48472.527344,45819.953125,46306.445313,46306.445313,36974172400
BTC-USD,2022-01-01,46311.746094,47827.312500,46288.484375,47686.812500,47686.812500,24582667004
BTC-USD,2022-01-02,47680.925781,47881.406250,46856.937500,47345.218750,47345.218750,27951569547
BTC-USD,2022-01-03,47343.542969,47510.726563,45835.964844,46458.117188,46458.117188,33071628362
BTC-USD,2022-01-04,46458.851563,47406.546875,45752.464844,45897.574219,45897.574219,42494677905
BTC-USD,2022-01-05,45899.359375,46929.046875,42798.222656,43569.003906,43569.003906,36851084859
BTC-USD,2022-01-06,43565.511719,43748.718750,42645.539063,43160.929688,43160.929688,30208048289
BTC-USD,2022-01-07,43153.570313,43153.570313,41077.445313,41557.902344,41557.902344,84196607520
BTC-USD,2022-01-08,41561.464844,42228.941406,40672.277344,41733.941406,41733.941406,28066355845
BTC-USD,2022-01-09,41734.726563,42663.949219,41338.160156,41911.601563,41911.601563,21294384372
BTC-USD,2022-01-10,41910.230469,42199.484375,39796.570313,41821.261719,41821.261719,32104232331
BTC-USD,2022-01-11,41819.507813,43001.156250,41407.753906,42735.855469,42735.855469,26327648900
BTC-USD,2022-01-12,42742.179688,44135.367188,42528.988281,43949.101563,43949.101563,33499938689
BTC-USD,2022-01-13,43946.742188,44278.421875,42447.042969,42591.570313,42591.570313,47691135082
BTC-USD,2022-01-14,42598.871094,43346.687500,41982.617188,43099.699219,43099.699219,23577403399
BTC-USD,2022-01-15,43101.898438,43724.671875,42669.035156,43177.398438,43177.398438,18371348298
BTC-USD,2022-01-16,43172.039063,43436.808594,42691.023438,43113.878906,43113.878906,17902097845
BTC-USD,2022-01-17,43118.121094,43179.390625,41680.320313,42250.550781,42250.550781,21690904261
BTC-USD,2022-01-18,42250.074219,42534.402344,41392.214844,42375.632813,42375.632813,22417209227
BTC-USD,2022-01-19,42374.039063,42478.304688,41242.914063,41744.328125,41744.328125,23091543258
BTC-USD,2022-01-20,41744.027344,43413.023438,40672.824219,40680.417969,40680.417969,20382033940
BTC-USD,2022-01-21,40699.605469,41060.527344,35791.425781,36457.316406,36457.316406,43011992031
BTC-USD,2022-01-22,36471.589844,36688.812500,34349.250000,35030.250000,35030.250000,39714385405
BTC-USD,2022-01-23,35047.359375,36433.312500,34784.968750,36276.804688,36276.804688,26017975951
BTC-USD,2022-01-24,36275.734375,37247.519531,33184.058594,36654.328125,36654.328125,41856658597
BTC-USD,2022-01-25,36654.804688,37444.570313,35779.429688,36954.003906,36954.003906,26428189594
BTC-USD,2022-01-26,36950.515625,38825.410156,36374.906250,36852.121094,36852.121094,31324598034
BTC-USD,2022-01-27,36841.878906,37148.324219,35629.281250,37138.234375,37138.234375,25041426629
BTC-USD,2022-01-28,37128.445313,37952.878906,36211.109375,37784.332031,37784.332031,22238830523
BTC-USD,2022-01-29,37780.714844,38576.261719,37406.472656,38138.179688,38138.179688,17194183075
BTC-USD,2022-01-30,38151.917969,38266.339844,37437.710938,37917.601563,37917.601563,14643548444
BTC-USD,2022-01-31,37920.281250,38647.261719,36733.574219,38483.125000,38483.125000,20734730465
BTC-USD,2022-02-01,38481.765625,39115.132813,38113.664063,38743.273438,38743.273438,20288500328
BTC-USD,2022-02-02,38743.714844,38834.617188,36832.730469,36952.984375,36952.984375,19155189416
BTC-USD,2022-02-03,36944.804688,37154.601563,36375.539063,37154.601563,37154.601563,18591534769
BTC-USD,2022-02-04,37149.265625,41527.785156,37093.628906,41500.875000,41500.875000,29412210792
BTC-USD,2022-02-05,41501.480469,41847.164063,41038.097656,41441.164063,41441.164063,19652846215
BTC-USD,2022-02-06,41441.121094,42500.785156,41244.906250,42412.433594,42412.433594,16142097334
BTC-USD,2022-02-07,42406.781250,44401.863281,41748.156250,43840.285156,43840.285156,28641855926
BTC-USD,2022-02-08,43854.652344,45293.867188,42807.835938,44118.445313,44118.445313,33079398868
BTC-USD,2022-02-09,44096.703125,44727.800781,43232.968750,44338.796875,44338.796875,23245887300
BTC-USD,2022-02-10,44347.800781,45661.171875,43402.808594,43565.113281,43565.113281,32142048537
BTC-USD,2022-02-11,43571.128906,43810.832031,42114.539063,42407.937500,42407.937500,26954925781
BTC-USD,2022-02-12,42412.300781,42992.550781,41852.574219,42244.468750,42244.468750,18152390304
BTC-USD,2022-02-13,42236.566406,42693.054688,41950.941406,42197.515625,42197.515625,14741589015
BTC-USD,2022-02-14,42157.398438,42775.777344,41681.957031,42586.917969,42586.917969,20827783012
BTC-USD,2022-02-15,42586.464844,44667.218750,42491.035156,44575.203125,44575.203125,22721659051
BTC-USD,2022-02-16,44578.277344,44578.277344,43456.691406,43961.859375,43961.859375,19792547657
BTC-USD,2022-02-17,43937.070313,44132.972656,40249.371094,40538.011719,40538.011719,26246662813
BTC-USD,2022-02-18,40552.132813,40929.152344,39637.617188,40030.976563,40030.976563,23310007704
BTC-USD,2022-02-19,40026.023438,40418.878906,39713.058594,40122.156250,40122.156250,13736557863
BTC-USD,2022-02-20,40118.101563,40119.890625,38112.812500,38431.378906,38431.378906,18340576452
BTC-USD,2022-02-21,38423.210938,39394.437500,36950.476563,37075.281250,37075.281250,29280402798
BTC-USD,2022-02-22,37068.769531,38359.855469,36488.933594,38286.027344,38286.027344,25493150450
BTC-USD,2022-02-23,38285.281250,39122.394531,37201.816406,37296.570313,37296.570313,21849073843
BTC-USD,2022-02-24,37278.566406,38968.839844,34459.218750,38332.609375,38332.609375,46383802093
BTC-USD,2022-02-25,38333.746094,39630.324219,38111.343750,39214.218750,39214.218750,26545599159
BTC-USD,2022-02-26,39213.082031,40005.347656,38702.535156,39105.148438,39105.148438,17467554129
BTC-USD,2022-02-27,39098.699219,39778.941406,37268.976563,37709.785156,37709.785156,23450127612
BTC-USD,2022-02-28,37706.000000,43760.457031,37518.214844,43193.234375,43193.234375,35690014104
BTC-USD,2022-03-01,43194.503906,44793.601563,42952.585938,44354.636719,44354.636719,32479047645
BTC-USD,2022-03-02,44357.617188,45077.578125,43432.851563,43924.117188,43924.117188,29183112630
BTC-USD,2022-03-03,43925.195313,44021.578125,41914.750000,42451.789063,42451.789063,24967782593
BTC-USD,2022-03-04,42458.140625,42479.613281,38805.847656,39137.605469,39137.605469,28516271427
BTC-USD,2022-03-05,39148.449219,39566.335938,38777.035156,39400.585938,39400.585938,16975917450
BTC-USD,2022-03-06,39404.199219,39640.175781,38211.648438,38419.984375,38419.984375,19745229902
BTC-USD,2022-03-07,38429.304688,39430.226563,37260.203125,38062.039063,38062.039063,28546143503
BTC-USD,2022-03-08,38059.902344,39304.441406,37957.386719,38737.269531,38737.269531,25776583476
BTC-USD,2022-03-09,38742.816406,42465.671875,38706.093750,41982.925781,41982.925781,32284121034
BTC-USD,2022-03-10,41974.070313,42004.726563,38832.941406,39437.460938,39437.460938,31078064711
BTC-USD,2022-03-11,39439.968750,40081.679688,38347.433594,38794.972656,38794.972656,26364890465
BTC-USD,2022-03-12,38794.464844,39308.597656,38772.535156,38904.011719,38904.011719,14616450657
BTC-USD,2022-03-13,38884.726563,39209.351563,37728.144531,37849.664063,37849.664063,17300745310
BTC-USD,2022-03-14,37846.316406,39742.500000,37680.734375,39666.753906,39666.753906,24322159070
BTC-USD,2022-03-15,39664.250000,39794.628906,38310.210938,39338.785156,39338.785156,23934000868
BTC-USD,2022-03-16,39335.570313,41465.453125,39022.347656,41143.929688,41143.929688,39616916192
BTC-USD,2022-03-17,41140.843750,41287.535156,40662.871094,40951.378906,40951.378906,22009601093
BTC-USD,2022-03-18,40944.839844,42195.746094,40302.398438,41801.156250,41801.156250,34421564942
BTC-USD,2022-03-19,41794.648438,42316.554688,41602.667969,42190.652344,42190.652344,19664853187
BTC-USD,2022-03-20,42191.406250,42241.164063,41004.757813,41247.824219,41247.824219,20127946682
