AMZN,2022-07-18,115.000000,117.239998,113.150002,113.760002,113.760002,59115400
AMZN,2022-07-19,115.699997,118.949997,114.029999,118.209999,118.209999,60990000
AMZN,2022-07-20,118.620003,123.480003,118.320000,122.769997,122.769997,71268300
AMZN,2022-07-21,123.199997,124.849998,121.260002,124.629997,124.629997,60239900
AMZN,2022-07-22,125.010002,125.500000,121.349998,122.419998,122.419998,51463800
AMZN,2022-07-25,122.699997,123.639999,120.029999,121.139999,121.139999,50221300
AMZN,2022-07-26,115.790001,118.150002,114.529999,114.809998,114.809998,67075100
AMZN,2022-07-27,117.309998,121.900002,117.160004,120.970001,120.970001,61582000
AMZN,2022-07-28,121.570000,122.839996,118.080002,122.279999,122.279999,82245500
AMZN,2022-07-29,134.899994,137.649994,132.410004,134.949997,134.949997,148892900
AMZN,2022-08-01,134.960007,138.830002,133.509995,135.389999,135.389999,76846900
AMZN,2022-08-02,134.720001,137.440002,134.089996,134.160004,134.160004,61922400
AMZN,2022-08-03,136.210007,140.490005,136.050003,139.520004,139.520004,71827800
AMZN,2022-08-04,140.580002,143.559998,139.550003,142.570007,142.570007,70585000
AMZN,2022-08-05,140.100006,142.860001,139.600006,140.800003,140.800003,50686900
AMZN,2022-08-08,142.050003,144.229996,138.289993,139.410004,139.410004,52229000
AMZN,2022-08-09,138.050003,138.949997,136.210007,137.830002,137.830002,40434700
AMZN,2022-08-10,142.899994,144.600006,141.009995,142.690002,142.690002,54773800
AMZN,2022-08-11,143.860001,144.490005,139.759995,140.639999,140.639999,44867300
AMZN,2022-08-12,142.050003,143.570007,140.119995,143.550003,143.550003,47643500
AMZN,2022-08-15,142.800003,143.759995,141.490005,143.179993,143.179993,39014600
AMZN,2022-08-16,143.910004,146.570007,142.000000,144.779999,144.779999,59102900
