AMZN,2022-08-17,142.690002,143.380005,140.779999,142.100006,142.100006,48149800
AMZN,2022-08-18,141.320007,142.770004,140.380005,142.300003,142.300003,37458700
AMZN,2022-08-19,140.470001,141.110001,137.910004,138.229996,138.229996,47792800
AMZN,2022-08-22,135.720001,136.320007,132.850006,133.220001,133.220001,50461500
AMZN,2022-08-23,133.410004,134.990005,132.949997,133.619995,133.619995,36252100
AMZN,2022-08-24,132.750000,135.470001,132.100006,133.800003,133.800003,38627000
AMZN,2022-08-25,135.259995,137.419998,134.279999,137.279999,137.279999,37496300
AMZN,2022-08-26,136.550003,137.830002,130.500000,130.750000,130.750000,53322700
AMZN,2022-08-29,129.899994,131.949997,128.770004,129.789993,129.789993,48101600
AMZN,2022-08-30,131.250000,132.070007,126.849998,128.729996,128.729996,49203000
AMZN,2022-08-31,129.449997,130.589996,126.739998,126.769997,126.769997,53648700
AMZN,2022-09-01,126.000000,128.020004,123.660004,127.820000,127.820000,56636100
AMZN,2022-09-02,129.500000,131.380005,126.389999,127.510002,127.510002,57378500
AMZN,2022-09-06,127.919998,128.619995,124.739998,126.110001,126.110001,43888600
AMZN,2022-09-07,126.120003,129.820007,125.400002,129.479996,129.479996,47900300
AMZN,2022-09-08,127.720001,130.279999,127.099998,129.820007,129.820007,43988500
AMZN,2022-09-09,130.910004,133.690002,130.759995,133.270004,133.270004,49387600
AMZN,2022-09-12,134.100006,136.490005,134.000000,136.449997,136.449997,53826900
AMZN,2022-09-13,131.009995,131.399994,126.269997,126.820000,126.820000,72694000
AMZN,2022-09-14,127.360001,128.839996,126.330002,128.550003,128.550003,45316800
AMZN,2022-09-15,127.379997,130.369995,125.500000,126.279999,126.279999,52887200
AMZN,2022-09-16,122.779999,123.870003,120.699997,123.529999,123.529999,115612500
